2018  7  2  0 18  32.76 2018.50141  120.8983  23.1510    6.35  2.82 237501112 19020018.P18
2018  7  2  0 29  22.58 2018.50143  120.9012  23.1540    5.94  2.48 237501762 19020029.P18
2018  7  2  0 42  53.22 2018.50145  120.9040  23.1307    3.62  1.14 237502573 19020042.P18
2018  7  2  1 11  37.11 2018.50151  120.9007  23.1638    8.18  1.59 237504297 19020111.P18
2018  7  2  1 34  38.10 2018.50155  120.9045  23.1628    1.11  1.89 237505678 19020134.P18
2018  7  2  1 37  34.61 2018.50156  120.9050  23.1532    5.04  2.36 237505854 19020137.P18
2018  7  2  6  9  44.72 2018.50207  120.8890  23.1695    5.40  1.39 237522184 19020609.P18
2018  7  2  6 48  30.93 2018.50215  120.8993  23.1723    1.01  3.65 237524510 19020648.P18
2018  7  2  6 54  11.88 2018.50216  120.9002  23.1587    1.81  2.12 237524851 19020653.P18
2018  7  2  8 59   8.26 2018.50240  120.9062  23.1678    1.68  2.47 237532348 19020858.P18
2018  7  2 11 14  45.00 2018.50265  120.9063  23.1653    1.67  1.39 237540485 19021114.P18
2018  7  2 12 24  47.22 2018.50279  120.8990  23.1623    1.75  1.45 237544687 19021224.P18
2018  7  2 13  7  45.35 2018.50287  120.8993  23.1483    6.30  1.00 237547265 19021307.P18
2018  7  2 17 43  20.07 2018.50339  120.9038  23.1803    5.52  0.63 237563800 19021743.P18
2018  7  2 21  0  43.41 2018.50377  120.9015  23.1385    5.34  0.94 237575643 19022100.P18
2018  7  2 21 15  24.63 2018.50380  120.9073  23.1423    5.24  1.16 237576524 19022115.P18
2018  7  2 21 33  24.77 2018.50383  120.9062  23.1400    6.19  1.15 237577604 19022133.P18
2018  7  3  9 20  54.11 2018.50518  120.9015  23.1605    1.01  4.84 237633654 19030920.P18
2018  7  3  9 22  15.28 2018.50518  120.9027  23.1467    2.66  3.10 237633735 19030920.118
2018  7  3  9 24  35.05 2018.50518  120.9213  23.1488    6.13  2.70 237633875 19030924.P18
2018  7  3  9 26  56.14 2018.50519  120.9092  23.1412    6.41  1.53 237634016 19030926.P18
2018  7  3  9 27  29.06 2018.50519  120.9113  23.1703    5.13  1.51 237634049 19030926.118
2018  7  3  9 30   8.68 2018.50519  120.9155  23.1462    4.86  1.60 237634208 19030930.P18
2018  7  3  9 32  51.04 2018.50520  120.9043  23.1372    6.26  1.54 237634371 19030932.118
2018  7  3  9 36  48.70 2018.50521  120.9080  23.1385    2.04  1.50 237634608 19030936.P18
2018  7  3  9 37   1.78 2018.50521  120.9103  23.1257    1.32  1.19 237634621 19030936.118
2018  7  3  9 40  34.85 2018.50521  120.9152  23.1508    5.86  1.36 237634834 19030940.P18
2018  7  3  9 41  10.41 2018.50522  120.9082  23.1490    1.60  1.46 237634870 19030941.P18
2018  7  3  9 42  13.18 2018.50522  120.9047  23.1372    1.90  1.00 237634933 19030942.118
2018  7  3  9 42  29.44 2018.50522  120.9053  23.1327    2.52  1.28 237634949 19030942.P18
2018  7  3  9 45  15.73 2018.50522  120.9070  23.1430    2.78  1.87 237635115 19030945.P18
2018  7  3  9 52  46.88 2018.50524  120.9063  23.1578    1.09  2.25 237635566 19030952.P18
2018  7  3  9 57  24.61 2018.50525  120.9048  23.1417    1.82  1.40 237635844 19030957.P18
2018  7  3 10  7  59.99 2018.50527  120.9150  23.1622    8.30  2.24 237636479 19031007.P18
2018  7  3 10 10   2.19 2018.50527  120.9120  23.1390    2.62  1.09 237636602 19031009.P18
2018  7  3 10 13  16.59 2018.50528  120.9172  23.1782    7.35  1.28 237636796 19031013.P18
2018  7  3 10 14   4.81 2018.50528  120.9020  23.1507    1.64  1.61 237636844 19031014.P18
2018  7  3 10 14  38.56 2018.50528  120.8958  23.1678    5.08  1.30 237636878 19031014.118
2018  7  3 10 15  28.64 2018.50528  120.9020  23.1472    2.54  1.40 237636928 19031015.P18
2018  7  3 10 20  53.04 2018.50529  120.9027  23.1427    3.15  1.52 237637253 19031020.P18
2018  7  3 10 23  40.35 2018.50530  120.8970  23.1658    1.15  2.69 237637420 19031023.P18
2018  7  3 10 24   6.08 2018.50530  120.9088  23.1330    2.94  1.86 237637446 19031023.118
2018  7  3 10 24  35.70 2018.50530  120.9095  23.1433    8.12  1.18 237637475 19031023.218
2018  7  3 10 24  44.11 2018.50530  120.9055  23.1680    8.12  1.05 237637484 19031023.318
2018  7  3 10 25  13.56 2018.50530  120.9042  23.1540    8.39  1.20 237637513 19031023.418
2018  7  3 10 26  46.55 2018.50530  120.9080  23.1435    2.12  1.86 237637606 19031026.P18
2018  7  3 10 27  30.12 2018.50530  120.9028  23.1737    2.37  1.58 237637650 19031026.118
2018  7  3 10 30  54.77 2018.50531  120.9000  23.1560    3.36  0.89 237637854 19031030.P18
2018  7  3 10 37  14.32 2018.50532  120.8922  23.1497    3.24  1.50 237638234 19031037.P18
2018  7  3 10 38  22.92 2018.50532  120.9053  23.1273    1.77  1.30 237638302 19031038.P18
2018  7  3 10 38  31.57 2018.50532  120.9090  23.1308    3.15  1.31 237638311 19031038.118
2018  7  3 10 40  36.04 2018.50533  120.9108  23.1325    3.17  1.24 237638436 19031040.P18
2018  7  3 10 41  48.29 2018.50533  120.9095  23.1443    1.78  1.89 237638508 19031041.P18
2018  7  3 10 43  58.04 2018.50533  120.8937  23.1635    2.77  1.25 237638638 19031043.P18
2018  7  3 10 44  57.60 2018.50534  120.9102  23.1375    6.33  0.93 237638697 19031044.P18
2018  7  3 10 45  17.95 2018.50534  120.9010  23.1508    7.87  0.95 237638717 19031044.118
2018  7  3 10 48  30.18 2018.50534  120.9010  23.1517    1.23  2.32 237638910 19031048.P18
2018  7  3 10 49  16.45 2018.50534  120.8985  23.1520    1.47  1.95 237638956 19031048.118
2018  7  3 10 53   0.95 2018.50535  120.9042  23.1422    5.02  1.01 237639180 19031052.P18
2018  7  3 10 54  14.12 2018.50535  120.9020  23.1497    1.41  3.70 237639254 19031054.P18
2018  7  3 11 15  58.96 2018.50540  120.9130  23.1387    4.25  2.62 237640558 19031115.P18
2018  7  3 11 37  12.17 2018.50544  120.9062  23.1505    3.43  2.12 237641832 19031137.P18
2018  7  3 11 48  44.31 2018.50546  120.9087  23.1365    1.09  3.64 237642524 19031148.P18
2018  7  3 11 52  29.26 2018.50547  120.8945  23.1530    6.01  1.95 237642749 19031152.P18
2018  7  3 11 53   8.62 2018.50547  120.8910  23.1497    1.15  0.99 237642788 19031152.118
2018  7  3 12 17   3.59 2018.50551  120.9043  23.1290    6.91  2.04 237644223 19031216.P18
2018  7  3 12 17  46.98 2018.50551  120.8953  23.1578    2.12  1.24 237644266 19031216.118
2018  7  3 12 24  10.84 2018.50553  120.9055  23.1298    2.28  2.88 237644650 19031224.P18
2018  7  3 12 53  45.20 2018.50558  120.8962  23.1532    1.43  2.03 237646425 19031253.P18
2018  7  3 15 16  31.29 2018.50585  120.9035  23.1425    7.42  1.14 237654991 19031516.P18
2018  7  3 15 29  49.77 2018.50588  120.8965  23.1652    1.61  1.92 237655789 19031529.P18
2018  7  3 16 10  20.87 2018.50596  120.9003  23.1820    1.88  1.94 237658220 19031610.P18
2018  7  3 16 10  54.81 2018.50596  120.9130  23.1285    3.53  1.27 237658254 19031610.118
2018  7  3 16 29   8.55 2018.50599  120.9132  23.1402    1.02  1.98 237659348 19031629.P18
2018  7  3 19 50  10.96 2018.50637  120.8952  23.1693    1.36  2.83 237671410 19031950.P18
2018  7  3 20  1  57.61 2018.50640  120.9172  23.1817    8.30  2.52 237672117 19032001.P18
2018  7  3 20 37  56.32 2018.50646  120.8965  23.1593    1.35  2.16 237674276 19032037.P18
2018  7  3 21 58  13.76 2018.50662  120.8998  23.1367    6.33  0.95 237679093 19032158.P18
2018  7  3 22 48  47.79 2018.50671  120.9073  23.1402    6.95  1.57 237682127 19032247.118
2018  7  3 23  3  21.55 2018.50674  120.9108  23.1632    8.40  1.11 237683001 19032303.P18
2018  7  4  0 32  48.45 2018.50691  120.9032  23.1385    7.85  1.22 237701968 19040032.P18
2018  7  4  0 37   1.48 2018.50692  120.9067  23.1542    1.39  1.40 237702221 19040036.P18
2018  7  4  0 53  21.66 2018.50695  120.9193  23.1392    7.23  1.69 237703201 19040053.P18
2018  7  4  3 46  10.35 2018.50728  120.9088  23.1305    1.20  2.16 237713570 19040345.P18
2018  7  4  4  0  32.21 2018.50731  120.9010  23.1730    5.19  0.97 237714432 19040400.P18
2018  7  4  4 40  47.18 2018.50738  120.9135  23.1497    8.00  2.16 237716847 19040440.P18
2018  7  4  4 55  55.54 2018.50741  120.9043  23.1472    1.20  2.79 237717755 19040455.P18
2018  7  4  4 56  26.08 2018.50741  120.9040  23.1335    2.26  1.61 237717786 19040455.118
2018  7  4  5  4  55.19 2018.50743  120.9033  23.1412    1.40  2.94 237718295 19040504.P18
2018  7  4  5 22  34.49 2018.50746  120.9050  23.1327    3.39  1.72 237719354 19040522.P18
2018  7  4  5 25  46.73 2018.50747  120.9032  23.1393    1.08  2.17 237719546 19040525.P18
2018  7  4  5 30  51.43 2018.50748  120.9078  23.1307    4.82  1.49 237719851 19040530.P18
2018  7  4  5 49  31.42 2018.50751  120.8990  23.1287    7.67  1.01 237720971 19040549.P18
2018  7  4  5 54  57.01 2018.50752  120.9160  23.1437    6.94  1.82 237721297 19040554.P18
2018  7  4  7 15  49.69 2018.50768  120.9055  23.1328    3.93  1.29 237726149 19040715.P18
2018  7  4  7 45  22.77 2018.50773  120.9038  23.1302    1.90  2.23 237727922 19040745.118
2018  7  4  7 45  32.92 2018.50774  120.9097  23.1320    1.59  4.28 237727932 19040745.P18
2018  7  4  7 49  15.13 2018.50774  120.9138  23.1273    9.45  2.04 237728155 19040748.118
2018  7  4  7 50  14.77 2018.50774  120.9217  23.1398    7.78  1.54 237728214 19040749.P18
2018  7  4  7 50  31.06 2018.50774  120.9038  23.1168    5.22  1.71 237728231 19040749.118
2018  7  4  7 51  59.95 2018.50775  120.9138  23.1417    1.68  1.38 237728319 19040751.P18
2018  7  4  7 53  51.22 2018.50775  120.9177  23.1312    5.72  1.34 237728431 19040753.P18
2018  7  4  7 56  28.42 2018.50776  120.9167  23.1248    4.71  2.49 237728588 19040756.P18
2018  7  4  8  9  57.02 2018.50778  120.9165  23.1462    6.33  1.62 237729397 19040809.P18
2018  7  4  8 25  15.54 2018.50781  120.8895  23.1182    7.01  1.44 237730315 19040824.P18
2018  7  4  8 27  34.56 2018.50782  120.9102  23.1212    1.99  2.04 237730454 19040827.P18
2018  7  4  8 47  29.60 2018.50785  120.9110  23.1588   11.06  1.19 237731649 19040847.P18
2018  7  4  9 29   4.19 2018.50793  120.9050  23.1112    7.99  1.37 237734144 19040928.P18
2018  7  4  9 41   0.16 2018.50795  120.9143  23.1237    6.04  2.04 237734860 19040940.P18
2018  7  4 18 52  52.33 2018.50900  120.9018  23.1457    1.40  2.42 237767972 19041852.118
2018  7  4 22  7   7.22 2018.50937  120.9227  23.1597    9.87  2.00 237779627 19042206.P18
2018  7  4 23 39  36.19 2018.50955  120.9118  23.1400    7.66  1.20 237785176 19042339.P18
2018  7  4 23 47  55.68 2018.50957  120.8987  23.1272    7.27  1.20 237785675 19042347.P18
2018  7  5  3 13   0.33 2018.50996  120.9277  23.1783    8.31  1.58 237811580 19050312.P18
2018  7  5  3 53  49.34 2018.51003  120.9068  23.1217    7.43  1.35 237814029 19050353.118
2018  7  5  4 59  56.36 2018.51016  120.8997  23.1688    6.37  1.49 237817996 19050459.P18
2018  7  5  5 48  48.04 2018.51025  120.9105  23.1740    7.04  1.59 237820928 19050548.P18
2018  7  5  6 10  36.57 2018.51029  120.9100  23.1450    5.60  1.86 237822236 19050610.P18
2018  7  5  6 17  17.25 2018.51031  120.9167  23.1392    7.33  1.27 237822637 19050617.P18
2018  7  5  6 49   9.91 2018.51037  120.9087  23.1558    6.84  1.38 237824549 19050647.218
2018  7  5  7 17  18.50 2018.51042  120.9087  23.1387    1.71  1.58 237826238 19050716.P18
2018  7  5  8 27  17.51 2018.51055  120.9112  23.1193    6.35  1.56 237830437 19050826.P18
2018  7  5  8 44   1.43 2018.51059  120.8993  23.1690    2.47  2.22 237831441 19050843.P18
2018  7  5  8 44  53.06 2018.51059  120.9052  23.1470    7.12  1.10 237831493 19050843.118
2018  7  5  8 54  22.67 2018.51061  120.9017  23.1192    4.58  1.62 237832062 19050853.P18
2018  7  5  9  0  58.88 2018.51062  120.9237  23.1220    5.41  1.38 237832458 19050900.P18
2018  7  5  9 38  52.18 2018.51069  120.8903  23.1577    2.71  0.89 237834732 19050937.118
2018  7  5  9 41  18.63 2018.51070  120.9175  23.1730    8.84  1.61 237834878 19050940.P18
2018  7  5 10 43  44.47 2018.51081  120.9012  23.1515    6.16  1.62 237838624 19051042.P18
2018  7  5 11 35  44.88 2018.51091  120.9098  23.1173    3.38  1.26 237841744 19051135.P18
2018  7  5 12  0  37.72 2018.51096  120.9038  23.1587    7.25  0.81 237843237 19051200.P18
2018  7  5 12 34  41.12 2018.51102  120.9207  23.1308   10.31  1.28 237845281 19051234.P18
2018  7  5 14 47  58.99 2018.51128  120.9080  23.1320    2.79  1.15 237853278 19051447.P18
2018  7  5 14 48   8.87 2018.51128  120.9218  23.1252   10.73  1.27 237853288 19051447.118
2018  7  5 14 58   3.15 2018.51130  120.9240  23.2013    6.97  0.78 237853883 19051457.P18
2018  7  5 15 35  18.81 2018.51137  120.9025  23.1530    2.16  0.64 237856118 19051535.P18
2018  7  5 18 53  11.90 2018.51175  120.9080  23.1360    1.24  2.59 237867991 19051852.P18
2018  7  6  4 21  41.95 2018.51283  120.8998  23.1275    5.75  2.33 237915701 19060421.P18
2018  7  6  7  9  51.98 2018.51315  120.8983  23.1627    2.04  1.55 237925791 19060709.P18
2018  7  6  7 54  28.53 2018.51323  120.9023  23.1583    6.36  1.43 237928468 19060754.P18
2018  7  6  7 55  13.68 2018.51323  120.9052  23.1328   13.59  1.08 237928513 19060754.118
2018  7  6  7 58  29.34 2018.51324  120.9097  23.1678    7.18  1.93 237928709 19060758.P18
2018  7  6  8 17  21.46 2018.51328  120.9107  23.1945    7.55  1.76 237929841 19060817.118
2018  7  6  8 17  30.52 2018.51328  120.9135  23.1685    7.94  2.00 237929850 19060817.P18
2018  7  6  8 30  25.95 2018.51330  120.9018  23.1818    3.22  2.98 237930625 19060830.P18
2018  7  6  8 32  14.14 2018.51330  120.9007  23.1765    1.79  2.03 237930734 19060832.P18
2018  7  6  8 32  33.68 2018.51330  120.8998  23.1530    6.40  1.85 237930753 19060832.118
2018  7  6  8 32  53.51 2018.51330  120.9015  23.1672    1.10  1.52 237930773 19060832.218
2018  7  6  8 39  21.84 2018.51332  120.8972  23.1528    6.18  1.69 237931161 19060839.P18
2018  7  6  8 45  41.07 2018.51333  120.9040  23.1585    7.18  1.28 237931541 19060845.P18
2018  7  6  8 47  21.04 2018.51333  120.9032  23.1647    5.01  2.31 237931641 19060847.118
2018  7  6  8 47  47.87 2018.51333  120.8998  23.1650    5.96  2.52 237931667 19060847.P18
2018  7  6  8 52  54.51 2018.51334  120.9147  23.1632    7.24  1.67 237931974 19060852.P18
2018  7  6  9 12  21.06 2018.51338  120.9038  23.1527    6.23  1.58 237933141 19060911.118
2018  7  6 10 34  17.66 2018.51354  120.9122  23.1808    5.71  1.49 237938057 19061034.P18
2018  7  6 10 53  24.10 2018.51357  120.9032  23.1515    6.29  1.05 237939204 19061053.P18
2018  7  6 11 41  32.51 2018.51366  120.9238  23.1380    3.90  1.16 237942092 19061141.P18
2018  7  6 11 42  11.47 2018.51366  120.9220  23.1273    5.54  1.10 237942131 19061141.118
2018  7  6 11 55  52.48 2018.51369  120.9005  23.1657    1.34  1.66 237942952 19061155.P18
2018  7  6 11 59  32.66 2018.51370  120.8997  23.1548    6.78  1.00 237943172 19061158.118
2018  7  6 12 14  34.29 2018.51373  120.9178  23.1755    3.95  0.81 237944074 19061214.P18
2018  7  6 13  4  28.58 2018.51382  120.9068  23.1422    3.03  1.00 237947068 19061304.P18
2018  7  6 13 25  30.26 2018.51386  120.8988  23.1575    6.23  1.62 237948330 19061325.P18
2018  7  6 13 30  15.90 2018.51387  120.8977  23.1367    5.51  0.64 237948615 19061330.P18
2018  7  6 13 36  20.42 2018.51388  120.9048  23.1560    7.61  1.31 237948980 19061336.P18
2018  7  6 13 37  10.34 2018.51388  120.9025  23.1540    4.79  1.03 237949030 19061337.P18
2018  7  6 13 55  39.40 2018.51392  120.9232  23.1378    0.65  1.83 237950139 19061355.P18
2018  7  6 14  0   5.21 2018.51393  120.9278  23.1367    1.25  1.44 237950405 19061400.P18
