2019  1 28 10 46  54.84 2019.07794  121.5967  25.1775    4.08  2.66 258538814 13281046.P19
2019  1 28 10 47   3.32 2019.07794  121.5933  25.1837    3.66  2.81 258538823 13281046.119
2019  1 28 10 47  16.87 2019.07794  121.5853  25.1952    4.39  1.90 258538836 13281046.319
2019  1 28 10 47  26.23 2019.07794  121.5925  25.1787    4.46  1.91 258538846 13281046.219
2019  1 28 10 48   6.82 2019.07795  121.5900  25.1850    4.26  1.92 258538886 13281048.119
2019  1 28 10 48  10.37 2019.07795  121.5773  25.1868    2.49  1.63 258538890 13281048.219
2019  1 28 10 48  13.62 2019.07795  121.5870  25.1995    4.55  2.95 258538893 13281048.P19
2019  1 28 10 48  27.09 2019.07795  121.5882  25.1980    3.96  2.09 258538907 13281048.319
2019  1 28 10 48  29.33 2019.07795  121.5895  25.1927    4.48  2.50 258538909 13281048.419
2019  1 28 10 49   3.71 2019.07795  121.5930  25.1918    5.01  1.91 258538943 13281048.519
2019  1 28 10 49  11.16 2019.07795  121.5870  25.1898    4.61  1.75 258538951 13281048.619
2019  1 28 10 49  40.14 2019.07795  121.5850  25.1890    4.23  1.59 258538980 13281048.719
2019  1 28 10 49  54.60 2019.07795  121.5855  25.1817    4.47  1.56 258538994 13281048.819
2019  1 28 10 50   3.95 2019.07795  121.5872  25.1918    3.79  1.40 258539003 13281048.919
2019  1 28 10 51   1.69 2019.07795  121.5822  25.1935    3.20  1.22 258539061 13281051.319
2019  1 28 10 51  21.43 2019.07795  121.5907  25.1818    4.45  1.66 258539081 13281051.119
2019  1 28 10 51  39.85 2019.07795  121.5870  25.1853    3.92  1.60 258539099 13281051.219
2019  1 28 10 51  42.42 2019.07795  121.5898  25.1782    4.42  1.51 258539102 13281051.P19
2019  1 28 10 52  36.73 2019.07795  121.5882  25.1832    4.42  1.27 258539156 13281052.119
2019  1 28 10 52  49.68 2019.07795  121.5922  25.1777    4.77  1.61 258539169 13281052.P19
2019  1 28 10 53   3.13 2019.07795  121.5903  25.1792    4.85  1.14 258539183 13281052.219
2019  1 28 10 54  50.48 2019.07796  121.5800  25.1902    4.51  1.22 258539290 13281051.519
2019  1 28 10 55  10.74 2019.07796  121.5877  25.1905    4.57  1.28 258539310 13281051.619
2019  1 28 10 55  46.99 2019.07796  121.5873  25.1848    4.74  1.59 258539346 13281051.419
2019  1 28 11  5  28.39 2019.07798  121.5827  25.2053    3.17  1.45 258539928 13281105.119
2019  1 28 11  5  34.81 2019.07798  121.5937  25.1887    5.69  1.79 258539934 13281105.P19
2019  1 28 11  6  41.08 2019.07798  121.5912  25.1930    5.02  1.76 258540001 13281106.119
2019  1 28 11 14  59.92 2019.07800  121.5933  25.1978    4.51  1.59 258540499 13281114.P19
2019  1 28 11 18  25.89 2019.07800  121.5757  25.1715    4.81  0.94 258540705 13281117.119
2019  1 28 11 38   5.26 2019.07804  121.5918  25.1892    4.16  1.19 258541885 13281138.119
2019  1 28 11 39  59.79 2019.07804  121.5852  25.1973    6.96  1.98 258541999 13281140.P19
2019  1 28 12  5  48.72 2019.07809  121.5927  25.1910    5.95  1.97 258543548 13281205.P19
2019  1 28 12 10  18.54 2019.07810  121.5820  25.2035    6.09  3.46 258543818 13281210.P19
2019  1 28 12 10  40.23 2019.07810  121.5870  25.1898    4.30  2.92 258543840 13281210.119
2019  1 28 12 11   6.63 2019.07810  121.5920  25.2005    4.17  2.17 258543866 13281210.219
2019  1 28 12 11  10.76 2019.07810  121.5893  25.1882    4.71  2.24 258543870 13281210.319
2019  1 28 12 11  34.29 2019.07810  121.5925  25.1823    4.93  2.22 258543894 13281210.419
2019  1 28 12 11  45.37 2019.07810  121.5957  25.1887    4.66  1.90 258543905 13281210.519
2019  1 28 12 12  21.67 2019.07811  121.5930  25.1855    5.36  1.57 258543941 13281210.619
2019  1 28 12 12  45.73 2019.07811  121.5873  25.1813    4.57  1.51 258543965 13281210.719
2019  1 28 12 13  19.35 2019.07811  121.5892  25.1817    4.43  1.65 258543999 13281210.819
2019  1 28 12 13  27.68 2019.07811  121.5812  25.1847    3.45  1.56 258544007 13281210.919
2019  1 28 12 14   1.70 2019.07811  121.5922  25.1865    5.82  1.54 258544041 13281213.319
2019  1 28 12 14  26.45 2019.07811  121.5913  25.1803    4.74  1.49 258544066 13281213.419
2019  1 28 12 14  40.19 2019.07811  121.5805  25.1880    4.24  1.35 258544080 13281213.519
2019  1 28 12 14  49.60 2019.07811  121.5793  25.1902    3.86  1.30 258544089 13281213.619
2019  1 28 12 15  38.07 2019.07811  121.5958  25.1927    4.88  1.53 258544138 13281213.119
2019  1 28 12 16   0.15 2019.07811  121.5887  25.1913    4.85  1.88 258544160 13281213.P19
2019  1 28 12 16  20.74 2019.07811  121.5915  25.1833    4.36  1.55 258544180 13281213.219
2019  1 28 12 16  37.24 2019.07811  121.5887  25.1978    5.10  2.44 258544197 13281216.P19
2019  1 28 12 16  53.32 2019.07811  121.5898  25.2000    4.19  2.03 258544213 13281216.119
2019  1 28 12 17   1.67 2019.07811  121.5818  25.1968    3.50  1.75 258544221 13281216.219
2019  1 28 12 18   9.88 2019.07812  121.5803  25.1862    3.56  2.27 258544289 13281218.P19
2019  1 28 12 19  22.70 2019.07812  121.5855  25.1817    2.40  1.46 258544362 13281218.219
2019  1 28 12 20  10.44 2019.07812  121.5915  25.1760    4.52  1.74 258544410 13281220.P19
2019  1 28 12 20  19.58 2019.07812  121.5885  25.1962    4.44  1.76 258544419 13281220.119
2019  1 28 12 20  23.06 2019.07812  121.5797  25.1800    3.70  1.74 258544423 13281220.219
2019  1 28 12 20  35.97 2019.07812  121.5785  25.1822    3.18  1.44 258544435 13281220.319
2019  1 28 12 20  41.21 2019.07812  121.5718  25.1810    1.09  1.21 258544441 13281220.419
2019  1 28 12 21   6.19 2019.07812  121.5788  25.1823    4.29  1.69 258544466 13281221.P19
2019  1 28 12 37  43.83 2019.07815  121.5880  25.1790    4.98  1.93 258545463 13281237.P19
2019  1 28 12 53  37.82 2019.07818  121.5895  25.1873    4.68  1.22 258546417 13281253.119
2019  1 28 13 12  51.24 2019.07822  121.5858  25.1820    4.37  0.90 258547571 13281312.119
2019  1 28 13 14  48.60 2019.07822  121.5967  25.1940    4.63  1.25 258547688 13281313.119
2019  1 28 13 54  53.14 2019.07830  121.5930  25.1928    4.86  1.53 258550093 13281354.119
2019  1 28 14 29  46.92 2019.07837  121.5852  25.2030    5.64  1.64 258552186 13281429.P19
2019  1 28 14 37  11.38 2019.07838  121.5885  25.1805    5.49  1.69 258552631 13281437.P19
2019  1 28 14 37  39.08 2019.07838  121.5767  25.1792    2.62  1.02 258552659 13281437.219
2019  1 28 14 37  46.84 2019.07838  121.5903  25.1822    4.81  1.32 258552666 13281437.119
2019  1 28 14 38  12.54 2019.07838  121.5908  25.1747    4.97  1.40 258552692 13281437.319
2019  1 28 14 38  24.68 2019.07838  121.5842  25.1832    4.12  1.20 258552704 13281437.419
2019  1 28 14 38  39.38 2019.07838  121.5838  25.2003    3.10  1.58 258552719 13281438.119
2019  1 28 14 38  40.94 2019.07838  121.5895  25.1790    4.79  1.63 258552720 13281438.P19
2019  1 28 14 39  15.70 2019.07839  121.5835  25.1783    4.09  1.25 258552755 13281437.519
2019  1 28 14 39  26.68 2019.07839  121.5787  25.1872    3.65  0.97 258552766 13281437.619
2019  1 28 14 39  31.13 2019.07839  121.5788  25.1898    3.55  0.99 258552771 13281437.719
2019  1 28 14 49  36.54 2019.07840  121.5860  25.1813    4.39  1.44 258553376 13281449.119
2019  1 28 14 49  41.64 2019.07841  121.5710  25.1922    6.27  2.45 258553381 13281449.P19
2019  1 28 14 49  53.60 2019.07841  121.5897  25.1878    2.98  2.02 258553393 13281449.219
2019  1 28 14 49  57.64 2019.07841  121.5837  25.1858    4.21  1.96 258553397 13281449.319
2019  1 28 14 50  22.34 2019.07841  121.5612  25.2060    3.49  1.38 258553422 13281449.419
2019  1 28 14 52  22.84 2019.07841  121.5860  25.1752    2.42  1.41 258553542 13281452.119
2019  1 28 14 52  38.03 2019.07841  121.5733  25.1837    1.74  0.92 258553558 13281452.319
2019  1 28 15 19  41.23 2019.07846  121.5940  25.1765    4.90  1.99 258555181 13281519.P19
2019  1 28 15 41  10.69 2019.07850  121.5890  25.1885    5.17  2.04 258556470 13281541.P19
2019  1 28 15 50  13.08 2019.07852  121.5727  25.1968    2.41  0.73 258557013 13281550.119
2019  1 28 15 50  17.18 2019.07852  121.5950  25.1787    5.23  1.65 258557017 13281550.P19
2019  1 28 15 50  20.57 2019.07852  121.5898  25.1842    4.98  1.73 258557020 13281550.219
2019  1 28 15 50  40.11 2019.07852  121.5948  25.1932    2.84  1.51 258557040 13281550.319
2019  1 28 15 50  42.19 2019.07852  121.5803  25.1798    3.62  1.15 258557042 13281550.419
2019  1 28 15 52  28.29 2019.07852  121.5717  25.1785    2.59  0.84 258557148 13281552.219
2019  1 28 16 32  47.44 2019.07860  121.5787  25.1818    3.79  1.17 258559567 13281632.119
2019  1 28 17 33  27.17 2019.07872  121.5832  25.1947    5.11  1.68 258563207 13281733.P19
